[[628.03370296   0.         316.8689128 ]
 [  0.         627.88167936 243.51585795]
 [  0.           0.           1.        ]]
[[649.48927487   0.         336.39747758]
 [  0.         648.90057278 237.89024586]
 [  0.           0.           1.        ]]
[[628.03370296   0.         316.8689128 ]
 [  0.         627.88167936 243.51585795]
 [  0.           0.           1.        ]]
[[649.48927487   0.         336.39747758]
 [  0.         648.90057278 237.89024586]
 [  0.           0.           1.        ]]
[[ 9.99691484e-01  1.72532550e-03 -2.47782277e-02]
 [-8.92986638e-04  9.99436191e-01  3.35634016e-02]
 [ 2.48221653e-02 -3.35309201e-02  9.99129390e-01]]
[[ 2.58755115e+01]
 [-3.15303637e-03]
 [ 5.28191310e+00]]